structure(list(sex = structure(c(2L, 2L, 1L, 2L, 1L, 2L, 2L, 
1L, 2L, 2L, 2L, 2L, 1L, 1L, 1L, 2L, 2L, 2L, 1L, 2L, 1L, 1L, 2L, 
2L, 1L, 1L, 2L, 2L, 2L, 1L, 1L, 1L, 2L, 1L, 1L, 1L, 1L, 1L, 1L, 
1L, 2L, 1L, 2L, 1L, 2L, 2L, 2L, 1L, 2L, 2L, 2L, 2L, 2L, 1L, 2L, 
2L, 2L, 1L, 1L, 2L, 2L, 1L, 2L, 2L, 2L, 1L, 2L, 2L, 2L, 1L, 2L, 
1L, 1L, 1L, 1L, 1L, 2L, 1L, 1L, 1L, 1L, 1L, 1L, 1L, 1L, 2L, 2L, 
1L, 2L, 1L, 1L, 1L, 2L, 2L, 2L, 2L, 2L, 2L, 2L, 1L, 2L, 2L, 1L, 
2L, 2L, 1L, 2L, 2L, 1L, 2L, 2L, 2L, 1L, 2L, 1L, 2L, 2L, 1L, 2L, 
1L, 2L, 1L, 2L, 2L, 1L, 1L, 1L, 2L, 1L, 2L, 1L, 2L, 2L, 1L, 2L, 
2L, 1L, 2L, 2L, 1L, 2L, 1L, 1L, 2L, 2L, 2L, 2L, 2L, 1L, 1L, 2L, 
2L, 1L, 2L, 2L, 2L, 2L, 2L, 2L, 2L, 2L, 1L, 2L, 2L, 1L, 2L, 1L, 
1L, 1L, 2L, 2L, 1L, 2L, 2L, 2L, 1L, 2L, 2L, 2L, 1L, 1L, 2L, 2L, 
2L, 1L, 2L, 2L, 2L, 1L, 1L, 2L, 2L, 2L, 1L, 1L, 1L, 2L, 2L, 2L, 
1L, 2L, 2L, 2L, 2L, 1L, 1L, 1L, 2L, 2L, 2L, 2L, 1L, 1L, 2L, 2L, 
2L, 1L, 1L, 2L, 2L, 1L, 1L, 2L, 1L, 1L, 2L, 2L, 2L, 1L, 1L, 1L, 
1L, 2L, 2L, 2L, 2L, 2L, 2L, 1L, 1L, 2L, 2L, 2L, 1L, 2L, 2L, 2L, 
1L, 1L, 2L, 2L, 2L, 2L, 1L, 2L, 2L, 1L, 1L, 1L, 2L, 1L, 2L, 1L, 
2L, 2L, 1L, 1L, 2L, 1L, 2L, 1L, 2L, 2L, 1L, 2L, 2L, 2L, 1L, 1L, 
2L, 1L, 1L, 1L, 2L, 1L, 1L, 1L, 1L, 2L, 2L, 2L, 2L, 1L, 1L, 1L, 
2L, 1L, 2L, 2L, 2L, 2L, 1L, 2L, 2L, 2L, 2L, 2L, 1L, 2L, 2L, 1L, 
1L, 2L, 1L, 1L, 1L, 1L, 2L, 2L, 2L, 2L, 2L, 1L, 1L, 2L, 2L, 2L, 
2L, 2L, 2L, 1L, 2L, 1L, 1L, 1L, 2L, 2L, 1L, 1L, 1L, 1L, 2L, 2L, 
1L, 2L, 1L, 2L, 2L, 1L, 1L, 2L, 1L, 2L, 2L, 2L, 2L, 2L, 2L, 1L, 
2L, 1L, 2L, 1L, 2L, 2L, 1L, 1L, 1L, 1L, 1L, 1L, 2L, 2L, 2L, 2L, 
2L, 2L, 1L, 1L, 2L, 2L, 1L, 2L, 2L, 1L, 1L, 2L, 1L, 2L, 1L, 1L, 
2L, 2L, 1L, 1L, 2L, 1L, 1L, 1L, 2L, 2L, 1L, 1L, 1L, 2L, 1L, 1L, 
2L, 1L, 1L, 1L, 1L, 1L, 2L, 2L, 2L, 1L, 1L, 2L, 2L, 1L, 2L, 1L, 
1L, 2L, 2L, 1L, 2L, 1L, 2L, 1L, 2L, 1L, 1L, 2L, 2L, 1L, 1L, 2L, 
1L, 1L, 2L, 1L, 2L, 1L, 2L, 1L, 1L, 2L, 1L, 2L, 2L, 1L, 2L, 1L, 
1L, 1L, 1L, 2L, 2L, 2L, 1L, 2L, 2L, 1L, 2L, 1L, 2L, 2L, 1L, 1L, 
1L, 1L, 1L, 1L, 2L, 1L, 2L, 2L, 1L, 2L, 1L, 2L, 1L, 2L, 2L, 1L, 
2L, 2L, 2L, 1L, 1L, 1L, 2L, 1L, 1L, 1L, 2L, 2L, 2L, 2L, 1L, 1L, 
2L, 2L, 2L, 1L, 2L, 2L, 2L, 1L, 2L, 2L, 1L, 1L, 1L, 2L, 2L, 2L, 
2L, 1L, 1L, 2L, 2L, 2L, 1L, 2L, 2L, 2L, 2L, 1L, 1L, 1L, 2L, 2L, 
2L, 2L, 2L, 2L, 2L, 1L, 1L, 1L, 1L, 1L, 1L, 1L, 2L, 1L, 1L, 2L, 
1L, 2L, 1L, 2L, 2L, 1L, 2L, 2L, 2L, 2L, 2L, 1L, 2L, 1L, 1L, 1L, 
2L, 1L, 2L, 2L, 1L, 1L, 1L, 2L, 2L, 1L, 2L, 1L, 2L, 1L, 2L, 2L, 
1L, 2L, 1L, 1L, 2L, 1L, 2L, 1L, 2L, 2L, 1L, 1L, 1L, 1L, 2L, 2L, 
1L, 2L, 1L, 1L, 2L, 1L, 1L, 1L, 1L, 2L, 2L, 2L, 2L, 1L, 1L, 2L, 
1L, 1L, 2L, 2L, 2L, 2L, 2L, 1L, 2L, 2L, 1L, 1L, 2L, 2L, 1L, 2L, 
1L, 2L, 2L, 1L, 1L, 2L, 1L, 1L, 1L, 2L, 1L, 2L, 1L, 2L, 1L, 1L, 
2L, 2L, 1L, 2L, 1L, 2L, 2L, 1L, 1L, 2L, 1L, 2L, 2L, 1L, 1L, 1L, 
2L, 1L, 2L, 2L, 1L, 2L, 2L, 1L, 2L, 1L, 1L, 2L, 2L, 1L, 2L, 1L, 
2L, 2L, 1L, 2L, 2L, 1L, 1L, 1L, 1L, 2L, 1L, 2L, 2L, 1L, 2L, 1L, 
2L, 2L, 2L, 1L, 2L, 1L, 2L, 2L, 2L, 2L, 2L, 1L, 1L, 1L, 2L, 1L, 
1L, 1L, 2L, 2L, 1L, 2L, 2L, 2L, 2L, 1L, 2L, 1L, 2L, 1L, 1L, 1L, 
2L, 2L, 2L, 1L, 2L, 1L, 1L, 2L, 2L, 1L, 2L, 1L, 2L, 1L, 1L, 1L, 
2L, 2L, 2L, 2L, 2L, 2L, 2L, 2L, 1L, 1L, 2L, 1L, 2L, 1L, 1L, 2L
), .Label = c("female", "male"), class = "factor"), age = c(66, 
68, 24, 59, 37, 57, 19, 48, 74, 72, 44, 61, 74, 58, 58, 36, 44, 
44, 43, 56, 47, 52, 31, 39, 74, 73, 44, 72, 53, 80, 66, 30, 37, 
44, 26, 53, 43, 64, 65, 44, 24, 80, 36, 47, 48, 38, 39, 32, 58, 
48, 68, 27, 59, 24, 57, 24, 22, 48, 46, 74, 68, 74, 44, 28, 58, 
47, 44, 31, 39, 73, 75, 77, 79, 52, 47, 38, 37, 66, 79, 53, 32, 
65, 43, 76, 47, 37, 36, 39, 44, 80, 74, 47, 68, 48, 35, 55, 76, 
30, 50, 57, 66, 48, 25, 59, 27, 80, 34, 72, 77, 68, 36, 56, 43, 
61, 34, 46, 26, 39, 31, 52, 39, 73, 44, 75, 47, 52, 66, 84, 53, 
57, 65, 36, 37, 72, 72, 44, 47, 48, 73, 74, 48, 41, 34, 35, 55, 
79, 76, 50, 67, 28, 59, 48, 25, 27, 66, 74, 72, 68, 65, 19, 36, 
23, 61, 26, 52, 31, 42, 19, 16, 39, 39, 43, 73, 22, 35, 19, 37, 
71, 53, 38, 53, 49, 34, 37, 94, 36, 30, 24, 18, 57, 42, 40, 48, 
36, 58, 30, 79, 30, 37, 28, 68, 66, 27, 48, 25, 43, 24, 57, 39, 
66, 68, 34, 74, 61, 34, 44, 17, 52, 26, 31, 42, 25, 39, 69, 16, 
35, 54, 37, 30, 43, 21, 65, 36, 37, 36, 50, 30, 40, 52, 77, 57, 
79, 30, 57, 37, 48, 66, 33, 32, 58, 59, 27, 19, 44, 44, 54, 58, 
75, 46, 39, 56, 75, 88, 37, 35, 43, 80, 44, 39, 68, 58, 48, 84, 
34, 48, 59, 66, 79, 80, 79, 58, 43, 75, 34, 30, 66, 17, 41, 72, 
48, 39, 73, 34, 86, 41, 35, 31, 68, 57, 74, 72, 55, 44, 65, 61, 
64, 41, 73, 33, 70, 23, 38, 37, 30, 43, 41, 94, 44, 55, 46, 57, 
48, 60, 77, 24, 68, 27, 35, 34, 58, 58, 89, 17, 26, 46, 33, 14, 
79, 30, 74, 65, 44, 72, 47, 53, 73, 31, 57, 32, 22, 29, 41, 57, 
74, 72, 55, 41, 61, 74, 30, 27, 43, 33, 33, 53, 79, 62, 76, 67, 
49, 65, 73, 48, 40, 26, 35, 29, 30, 39, 74, 62, 44, 52, 77, 25, 
37, 57, 72, 50, 61, 69, 61, 31, 67, 20, 69, 52, 78, 76, 47, 77, 
72, 86, 70, 69, 77, 98, 35, 37, 42, 80, 86, 17, 54, 57, 48, 83, 
65, 56, 51, 72, 64, 61, 71, 47, 44, 83, 37, 42, 54, 76, 36, 80, 
67, 72, 58, 42, 80, 79, 86, 77, 68, 58, 57, 72, 48, 63, 69, 26, 
48, 81, 72, 80, 96, 72, 71, 88, 82, 48, 38, 63, 77, 48, 55, 42, 
36, 86, 63, 48, 72, 58, 64, 83, 71, 65, 31, 19, 14, 48, 53, 34, 
94, 57, 53, 39, 51, 48, 59, 48, 34, 62, 52, 78, 34, 43, 74, 41, 
58, 72, 53, 85, 58, 66, 99, 82, 30, 55, 53, 62, 48, 25, 27, 59, 
67, 42, 80, 74, 72, 52, 73, 52, 61, 57, 54, 43, 72, 50, 33, 47, 
34, 83, 83, 39, 26, 46, 65, 53, 37, 37, 82, 77, 51, 65, 42, 53, 
79, 65, 54, 67, 94, 36, 72, 37, 80, 96, 27, 62, 48, 40, 48, 52, 
77, 25, 27, 37, 42, 80, 79, 86, 74, 72, 77, 72, 72, 57, 59, 64, 
48, 49, 63, 61, 73, 47, 40, 34, 69, 64, 61, 39, 26, 52, 31, 56, 
22, 67, 61, 65, 53, 37, 52, 82, 42, 53, 56, 79, 65, 94, 72, 37, 
48, 52, 77, 25, 27, 78, 42, 80, 74, 72, 68, 77, 64, 39, 48, 34, 
91, 73, 43, 31, 39, 26, 52, 56, 50, 65, 41, 69, 61, 43, 52, 68, 
51, 49, 53, 44, 65, 41, 54, 96, 72, 37, 76, 36, 48, 67, 94, 53, 
62, 40, 27, 25, 43, 24, 47, 42, 36, 74, 77, 68, 66, 72, 35, 34, 
40, 54, 34, 23, 61, 52, 26, 56, 29, 64, 76, 53, 68, 65, 43, 85, 
28, 49, 44, 65, 54, 72, 37, 36, 72, 54, 72, 18, 24, 47, 51, 40, 
48, 97, 32, 32, 27, 25, 43, 24, 79, 74, 77, 72, 68, 53, 60, 70, 
20, 34, 19, 80, 29, 18, 26, 31, 56, 42, 64, 25, 91, 35, 28, 53, 
49, 53, 44, 65, 46, 94, 37, 36, 72, 72, 54, 57, 45, 40, 68, 32, 
48, 77, 50, 28, 49, 75),